[
    {
        "id": 0,
        "img_name": "0001.png",
        "width": 1918,
        "height": 1918,
        "position": [
            2.341826915740967,
            4.087111949920654,
            -0.02287297509610653
        ],
        "rotation": [
            [
                0.8835136890411377,
                -0.0008574724197387695,
                -0.4684044420719147
            ],
            [
                -0.4038819372653961,
                0.5050892233848572,
                -0.7627347111701965
            ],
            [
                0.23724006116390228,
                0.8630667328834534,
                0.44590699672698975
            ]
        ],
        "fy": 2667.694580078125,
        "fx": 2667.640869140625
    },
    {
        "id": 1,
        "img_name": "0002.png",
        "width": 1918,
        "height": 1918,
        "position": [
            2.3203845024108887,
            3.9976344108581543,
            -0.07601478695869446
        ],
        "rotation": [
            [
                0.8830070495605469,
                0.008938625454902649,
                -0.4692746102809906
            ],
            [
                -0.40482017397880554,
                0.5204787850379944,
                -0.7518126964569092
            ],
            [
                0.23752737045288086,
                0.8538277745246887,
                0.46320489048957825
            ]
        ],
        "fy": 2667.694580078125,
        "fx": 2667.640869140625
    },
    {
        "id": 2,
        "img_name": "0003.png",
        "width": 1918,
        "height": 1918,
        "position": [
            2.260751485824585,
            3.751995801925659,
            -0.21190184354782104
        ],
        "rotation": [
            [
                0.8813868761062622,
                0.03594568371772766,
                -0.4710257649421692
            ],
            [
                -0.4075044095516205,
                0.5622158050537109,
                -0.719620406627655
            ],
            [
                0.23895089328289032,
                0.8262089490890503,
                0.5101776719093323
            ]
        ],
        "fy": 2667.694580078125,
        "fx": 2667.640869140625
    },
    {
        "id": 3,
        "img_name": "0004.png",
        "width": 1918,
        "height": 1918,
        "position": [
            2.1795477867126465,
            3.3886098861694336,
            -0.41257768869400024
        ],
        "rotation": [
            [
                0.8781092166900635,
                0.0791381448507309,
                -0.47187015414237976
            ],
            [
                -0.4125632345676422,
                0.6247058510780334,
                -0.6629736423492432
            ],
            [
                0.24231356382369995,
                0.7768396139144897,
                0.5812095403671265
            ]
        ],
        "fy": 2667.694580078125,
        "fx": 2667.640869140625
    },
    {
        "id": 4,
        "img_name": "0005.png",
        "width": 1918,
        "height": 1918,
        "position": [
            2.0881547927856445,
            2.9454166889190674,
            -0.6539066433906555
        ],
        "rotation": [
            [
                0.8725104928016663,
                0.13765175640583038,
                -0.4688042104244232
            ],
            [
                -0.42128148674964905,
                0.6979465484619141,
                -0.5791309475898743
            ],
            [
                0.24748192727565765,
                0.7027962803840637,
                0.666955828666687
            ]
        ],
        "fy": 2667.694580078125,
        "fx": 2667.640869140625
    },
    {
        "id": 5,
        "img_name": "0006.png",
        "width": 1918,
        "height": 1918,
        "position": [
            1.9982842206954956,
            2.4575488567352295,
            -0.91466224193573
        ],
        "rotation": [
            [
                0.8636456727981567,
                0.20808227360248566,
                -0.45914900302886963
            ],
            [
                -0.4346476197242737,
                0.7687370777130127,
                -0.46917423605918884
            ],
            [
                0.25533801317214966,
                0.6047685146331787,
                0.7543590664863586
            ]
        ],
        "fy": 2667.694580078125,
        "fx": 2667.640869140625
    },
    {
        "id": 6,
        "img_name": "0007.png",
        "width": 1918,
        "height": 1918,
        "position": [
            1.9226808547973633,
            1.9632872343063354,
            -1.1709727048873901
        ],
        "rotation": [
            [
                0.8501390814781189,
                0.28433701395988464,
                -0.44318848848342896
            ],
            [
                -0.454006165266037,
                0.8221573829650879,
                -0.3434174358844757
            ],
            [
                0.2667243778705597,
                0.4931629002094269,
                0.8280390501022339
            ]
        ],
        "fy": 2667.694580078125,
        "fx": 2667.640869140625
    },
    {
        "id": 7,
        "img_name": "0008.png",
        "width": 1918,
        "height": 1918,
        "position": [
            1.8738603591918945,
            1.499337911605835,
            -1.401405930519104
        ],
        "rotation": [
            [
                0.8302870988845825,
                0.36015552282333374,
                -0.4253367483615875
            ],
            [
                -0.48057231307029724,
                0.8491457104682922,
                -0.21909315884113312
            ],
            [
                0.2822652757167816,
                0.38631540536880493,
                0.8781154155731201
            ]
        ],
        "fy": 2667.694580078125,
        "fx": 2667.640869140625
    },
    {
        "id": 8,
        "img_name": "0009.png",
        "width": 1918,
        "height": 1918,
        "position": [
            1.8636269569396973,
            1.1042908430099487,
            -1.5821236371994019
        ],
        "rotation": [
            [
                0.8025609254837036,
                0.4305284321308136,
                -0.41296619176864624
            ],
            [
                -0.5145092010498047,
                0.8498911261558533,
                -0.11386588215827942
            ],
            [
                0.3019537925720215,
                0.30385923385620117,
                0.9036002159118652
            ]
        ],
        "fy": 2667.694580078125,
        "fx": 2667.640869140625
    },
    {
        "id": 9,
        "img_name": "0010.png",
        "width": 1918,
        "height": 1918,
        "position": [
            1.9062052965164185,
            0.8128762245178223,
            -1.6927872896194458
        ],
        "rotation": [
            [
                0.7667005062103271,
                0.49095210433006287,
                -0.4136863648891449
            ],
            [
                -0.5537272095680237,
                0.8317791819572449,
                -0.03910975158214569
            ],
            [
                0.3248947262763977,
                0.25905483961105347,
                0.9095791578292847
            ]
        ],
        "fy": 2667.694580078125,
        "fx": 2667.640869140625
    },
    {
        "id": 10,
        "img_name": "0011.png",
        "width": 1918,
        "height": 1918,
        "position": [
            2.012749433517456,
            0.6638574600219727,
            -1.7087697982788086
        ],
        "rotation": [
            [
                0.7257246971130371,
                0.5338308215141296,
                -0.43399110436439514
            ],
            [
                -0.5934022665023804,
                0.804902970790863,
                -0.002222760347649455
            ],
            [
                0.3481341302394867,
                0.2591444253921509,
                0.9009145498275757
            ]
        ],
        "fy": 2667.694580078125,
        "fx": 2667.640869140625
    },
    {
        "id": 11,
        "img_name": "0012.png",
        "width": 1918,
        "height": 1918,
        "position": [
            2.1838316917419434,
            0.6705136895179749,
            -1.609529972076416
        ],
        "rotation": [
            [
                0.684630274772644,
                0.5511797666549683,
                -0.47695091366767883
            ],
            [
                -0.6287341713905334,
                0.7776106595993042,
                -0.0038729445077478886
            ],
            [
                0.3687475025653839,
                0.3025268614292145,
                0.8789212703704834
            ]
        ],
        "fy": 2667.694580078125,
        "fx": 2667.640869140625
    },
    {
        "id": 12,
        "img_name": "0013.png",
        "width": 1918,
        "height": 1918,
        "position": [
            2.401822328567505,
            0.801511287689209,
            -1.405979037284851
        ],
        "rotation": [
            [
                0.6474653482437134,
                0.539364755153656,
                -0.5383995175361633
            ],
            [
                -0.6573618650436401,
                0.7526912689208984,
                -0.03648558259010315
            ],
            [
                0.38556969165802,
                0.37754663825035095,
                0.8418993353843689
            ]
        ],
        "fy": 2667.694580078125,
        "fx": 2667.640869140625
    },
    {
        "id": 13,
        "img_name": "0014.png",
        "width": 1918,
        "height": 1918,
        "position": [
            2.6501951217651367,
            1.0281336307525635,
            -1.125159740447998
        ],
        "rotation": [
            [
                0.617077112197876,
                0.4959713816642761,
                -0.6109241843223572
            ],
            [
                -0.6787988543510437,
                0.728226900100708,
                -0.09443321824073792
            ],
            [
                0.3980552852153778,
                0.4729671776294708,
                0.7860369682312012
            ]
        ],
        "fy": 2667.694580078125,
        "fx": 2667.640869140625
    },
    {
        "id": 14,
        "img_name": "0015.png",
        "width": 1918,
        "height": 1918,
        "position": [
            2.9150118827819824,
            1.3200767040252686,
            -0.7944750785827637
        ],
        "rotation": [
            [
                0.5939473509788513,
                0.422987699508667,
                -0.6843301653862
            ],
            [
                -0.6939749121665955,
                0.6996800899505615,
                -0.1698426604270935
            ],
            [
                0.4069708287715912,
                0.5757856369018555,
                0.7091161012649536
            ]
        ],
        "fy": 2667.694580078125,
        "fx": 2667.640869140625
    },
    {
        "id": 15,
        "img_name": "0016.png",
        "width": 1918,
        "height": 1918,
        "position": [
            3.1805830001831055,
            1.6481300592422485,
            -0.4410257339477539
        ],
        "rotation": [
            [
                0.5772925615310669,
                0.3290881812572479,
                -0.7472847104072571
            ],
            [
                -0.7044196128845215,
                0.6635570526123047,
                -0.25196215510368347
            ],
            [
                0.41294822096824646,
                0.6718577742576599,
                0.6148826479911804
            ]
        ],
        "fy": 2667.694580078125,
        "fx": 2667.640869140625
    },
    {
        "id": 16,
        "img_name": "0017.png",
        "width": 1918,
        "height": 1918,
        "position": [
            3.431668519973755,
            1.98274827003479,
            -0.09100134670734406
        ],
        "rotation": [
            [
                0.5658692121505737,
                0.22842402756214142,
                -0.7922213673591614
            ],
            [
                -0.7113742828369141,
                0.6210198402404785,
                -0.32906076312065125
            ],
            [
                0.4168197512626648,
                0.7497711777687073,
                0.5139110088348389
            ]
        ],
        "fy": 2667.694580078125,
        "fx": 2667.640869140625
    },
    {
        "id": 17,
        "img_name": "0018.png",
        "width": 1918,
        "height": 1918,
        "position": [
            3.6534576416015625,
            2.295182704925537,
            0.2294493019580841
        ],
        "rotation": [
            [
                0.5584102869033813,
                0.1358574628829956,
                -0.8183647394180298
            ],
            [
                -0.7157979011535645,
                0.5775288939476013,
                -0.39254796504974365
            ],
            [
                0.4192986786365509,
                0.8049864172935486,
                0.4197445809841156
            ]
        ],
        "fy": 2667.694580078125,
        "fx": 2667.640869140625
    },
    {
        "id": 18,
        "img_name": "0019.png",
        "width": 1918,
        "height": 1918,
        "position": [
            3.8310141563415527,
            2.5532960891723633,
            0.49102872610092163
        ],
        "rotation": [
            [
                0.5537834763526917,
                0.06309457868337631,
                -0.8302668333053589
            ],
            [
                -0.718489944934845,
                0.5401572585105896,
                -0.4381808042526245
            ],
            [
                0.42082780599594116,
                0.8391956686973572,
                0.34446293115615845
            ]
        ],
        "fy": 2667.694580078125,
        "fx": 2667.640869140625
    },
    {
        "id": 19,
        "img_name": "0020.png",
        "width": 1918,
        "height": 1918,
        "position": [
            3.949018716812134,
            2.7423160076141357,
            0.7021217346191406
        ],
        "rotation": [
            [
                0.5498742461204529,
                0.010905619710683823,
                -0.8351763486862183
            ],
            [
                -0.7227087020874023,
                0.5074877142906189,
                -0.46919959783554077
            ],
            [
                0.4187247157096863,
                0.8615900874137878,
                0.2869361340999603
            ]
        ],
        "fy": 2667.694580078125,
        "fx": 2667.640869140625
    },
    {
        "id": 20,
        "img_name": "0021.png",
        "width": 1918,
        "height": 1918,
        "position": [
            4.055095672607422,
            2.824373960494995,
            0.8374727964401245
        ],
        "rotation": [
            [
                0.5392897129058838,
                -0.026188833639025688,
                -0.8417130708694458
            ],
            [
                -0.7230046391487122,
                0.4980783760547638,
                -0.47872981429100037
            ],
            [
                0.43177640438079834,
                0.8667364716529846,
                0.24967381358146667
            ]
        ],
        "fy": 2667.694580078125,
        "fx": 2667.640869140625
    },
    {
        "id": 21,
        "img_name": "0022.png",
        "width": 1918,
        "height": 1918,
        "position": [
            4.033680438995361,
            2.7763640880584717,
            0.6642078757286072
        ],
        "rotation": [
            [
                0.5449265241622925,
                0.009068391285836697,
                -0.8384348154067993
            ],
            [
                -0.7269682884216309,
                0.5033827424049377,
                -0.4670361876487732
            ],
            [
                0.4178183078765869,
                0.8640159368515015,
                0.2808989882469177
            ]
        ],
        "fy": 2667.694580078125,
        "fx": 2667.640869140625
    },
    {
        "id": 22,
        "img_name": "0023.png",
        "width": 1918,
        "height": 1918,
        "position": [
            3.854276418685913,
            2.457122325897217,
            0.48615941405296326
        ],
        "rotation": [
            [
                0.5380983352661133,
                0.0747004821896553,
                -0.8395654559135437
            ],
            [
                -0.727554202079773,
                0.5440830588340759,
                -0.4178978204727173
            ],
            [
                0.4255760908126831,
                0.8356994390487671,
                0.34711867570877075
            ]
        ],
        "fy": 2667.694580078125,
        "fx": 2667.640869140625
    },
    {
        "id": 23,
        "img_name": "0024.png",
        "width": 1918,
        "height": 1918,
        "position": [
            3.705913782119751,
            2.090986728668213,
            0.22188827395439148
        ],
        "rotation": [
            [
                0.5228555798530579,
                0.16308361291885376,
                -0.836675226688385
            ],
            [
                -0.7354984879493713,
                0.5824600458145142,
                -0.34609562158584595
            ],
            [
                0.43088746070861816,
                0.796331524848938,
                0.42449048161506653
            ]
        ],
        "fy": 2667.694580078125,
        "fx": 2667.640869140625
    },
    {
        "id": 24,
        "img_name": "0025.png",
        "width": 1918,
        "height": 1918,
        "position": [
            3.5269529819488525,
            1.6459362506866455,
            -0.0994705781340599
        ],
        "rotation": [
            [
                0.5014923810958862,
                0.2788187861442566,
                -0.8190025687217712
            ],
            [
                -0.7464072704315186,
                0.6181085109710693,
                -0.24661362171173096
            ],
            [
                0.43747198581695557,
                0.734984278678894,
                0.5180889368057251
            ]
        ],
        "fy": 2667.694580078125,
        "fx": 2667.640869140625
    },
    {
        "id": 25,
        "img_name": "0026.png",
        "width": 1918,
        "height": 1918,
        "position": [
            3.3324167728424072,
            1.1624271869659424,
            -0.44863390922546387
        ],
        "rotation": [
            [
                0.4740869998931885,
                0.408225953578949,
                -0.780123770236969
            ],
            [
                -0.7595734596252441,
                0.6377246379852295,
                -0.12788769602775574
            ],
            [
                0.4452971816062927,
                0.6531912088394165,
                0.6124146580696106
            ]
        ],
        "fy": 2667.694580078125,
        "fx": 2667.640869140625
    },
    {
        "id": 26,
        "img_name": "0027.png",
        "width": 1918,
        "height": 1918,
        "position": [
            3.13741135597229,
            0.6787440776824951,
            -0.7982195615768433
        ],
        "rotation": [
            [
                0.4412941038608551,
                0.5328390002250671,
                -0.7220401763916016
            ],
            [
                -0.7741580009460449,
                0.6329635381698608,
                -0.006043761968612671
            ],
            [
                0.4538048207759857,
                0.5616403222084045,
                0.691824734210968
            ]
        ],
        "fy": 2667.694580078125,
        "fx": 2667.640869140625
    },
    {
        "id": 27,
        "img_name": "0028.png",
        "width": 1918,
        "height": 1918,
        "position": [
            2.9577202796936035,
            0.23482787609100342,
            -1.1191349029541016
        ],
        "rotation": [
            [
                0.4050808250904083,
                0.6365004777908325,
                -0.6563358306884766
            ],
            [
                -0.7887730598449707,
                0.6063032150268555,
                0.10116070508956909
            ],
            [
                0.46232736110687256,
                0.47672176361083984,
                0.7476562261581421
            ]
        ],
        "fy": 2667.694580078125,
        "fx": 2667.640869140625
    },
    {
        "id": 28,
        "img_name": "0029.png",
        "width": 1918,
        "height": 1918,
        "position": [
            2.8107171058654785,
            -0.1316167116165161,
            -1.3831517696380615
        ],
        "rotation": [
            [
                0.36952605843544006,
                0.7116073966026306,
                -0.597549557685852
            ],
            [
                -0.8016316890716553,
                0.5693475008010864,
                0.18229112029075623
            ],
            [
                0.46993306279182434,
                0.4116533398628235,
                0.780835747718811
            ]
        ],
        "fy": 2667.694580078125,
        "fx": 2667.640869140625
    },
    {
        "id": 29,
        "img_name": "0030.png",
        "width": 1918,
        "height": 1918,
        "position": [
            2.7109689712524414,
            -0.38138675689697266,
            -1.562187671661377
        ],
        "rotation": [
            [
                0.3418486714363098,
                0.7569838166236877,
                -0.5568796396255493
            ],
            [
                -0.8106004595756531,
                0.5373315811157227,
                0.23281259834766388
            ],
            [
                0.4754643738269806,
                0.37182024121284485,
                0.797297477722168
            ]
        ],
        "fy": 2667.694580078125,
        "fx": 2667.640869140625
    },
    {
        "id": 30,
        "img_name": "0031.png",
        "width": 1918,
        "height": 1918,
        "position": [
            2.672973155975342,
            -0.47152388095855713,
            -1.6294033527374268
        ],
        "rotation": [
            [
                0.3309524953365326,
                0.772649347782135,
                -0.5417408347129822
            ],
            [
                -0.8141392469406128,
                0.5240619778633118,
                0.25007277727127075
            ],
            [
                0.4771244525909424,
                0.3582904636859894,
                0.8024837970733643
            ]
        ],
        "fy": 2667.694580078125,
        "fx": 2667.640869140625
    },
    {
        "id": 31,
        "img_name": "0032.png",
        "width": 1918,
        "height": 1918,
        "position": [
            2.7305893898010254,
            -0.42952823638916016,
            -1.533777117729187
        ],
        "rotation": [
            [
                0.32008615136146545,
                0.7631849050521851,
                -0.5613319277763367
            ],
            [
                -0.8173357844352722,
                0.5220681428909302,
                0.24373577535152435
            ],
            [
                0.4790689945220947,
                0.3807803690433502,
                0.7908851504325867
            ]
        ],
        "fy": 2667.694580078125,
        "fx": 2667.640869140625
    },
    {
        "id": 32,
        "img_name": "0033.png",
        "width": 1918,
        "height": 1918,
        "position": [
            2.8859617710113525,
            -0.31603097915649414,
            -1.275704026222229
        ],
        "rotation": [
            [
                0.29239335656166077,
                0.7323712110519409,
                -0.614929735660553
            ],
            [
                -0.8250371813774109,
                0.5183373689651489,
                0.22503367066383362
            ],
            [
                0.48354917764663696,
                0.441541463136673,
                0.7557917833328247
            ]
        ],
        "fy": 2667.694580078125,
        "fx": 2667.640869140625
    },
    {
        "id": 33,
        "img_name": "0034.png",
        "width": 1918,
        "height": 1918,
        "position": [
            3.1145362854003906,
            -0.14840167760849,
            -0.895128607749939
        ],
        "rotation": [
            [
                0.25597864389419556,
                0.6729691624641418,
                -0.6939650774002075
            ],
            [
                -0.8340311050415039,
                0.5167005062103271,
                0.19342376291751862
            ],
            [
                0.48874029517173767,
                0.5292760729789734,
                0.6935415267944336
            ]
        ],
        "fy": 2667.694580078125,
        "fx": 2667.640869140625
    },
    {
        "id": 34,
        "img_name": "0035.png",
        "width": 1918,
        "height": 1918,
        "position": [
            3.3923280239105225,
            0.05485457181930542,
            -0.43227413296699524
        ],
        "rotation": [
            [
                0.2176620364189148,
                0.5794882774353027,
                -0.7853767275810242
            ],
            [
                -0.8420733213424683,
                0.518348753452301,
                0.14908728003501892
            ],
            [
                0.49349331855773926,
                0.6288941502571106,
                0.600796639919281
            ]
        ],
        "fy": 2667.694580078125,
        "fx": 2667.640869140625
    },
    {
        "id": 35,
        "img_name": "0036.png",
        "width": 1918,
        "height": 1918,
        "position": [
            3.6945481300354004,
            0.275928258895874,
            0.06974276155233383
        ],
        "rotation": [
            [
                0.18210621178150177,
                0.4560419023036957,
                -0.8711274862289429
            ],
            [
                -0.8483917713165283,
                0.5207287669181824,
                0.09525218605995178
            ],
            [
                0.49706006050109863,
                0.7217113971710205,
                0.4817301630973816
            ]
        ],
        "fy": 2667.694580078125,
        "fx": 2667.640869140625
    },
    {
        "id": 36,
        "img_name": "0037.png",
        "width": 1918,
        "height": 1918,
        "position": [
            3.9971847534179688,
            0.4958533048629761,
            0.5723713636398315
        ],
        "rotation": [
            [
                0.15156157314777374,
                0.3188319504261017,
                -0.9356149435043335
            ],
            [
                -0.8527908325195312,
                0.5207703709602356,
                0.0393194705247879
            ],
            [
                0.49977684020996094,
                0.7919244170188904,
                0.3508256673812866
            ]
        ],
        "fy": 2667.694580078125,
        "fx": 2667.640869140625
    },
    {
        "id": 37,
        "img_name": "0038.png",
        "width": 1918,
        "height": 1918,
        "position": [
            0.3311178982257843,
            1.3836073875427246,
            -1.9270968437194824
        ],
        "rotation": [
            [
                -0.38115304708480835,
                0.9198995232582092,
                -0.09223423153162003
            ],
            [
                -0.9150035381317139,
                -0.3896225094795227,
                -0.10470312833786011
            ],
            [
                -0.13225305080413818,
                0.04448668286204338,
                0.9902171492576599
            ]
        ],
        "fy": 2667.694580078125,
        "fx": 2667.640869140625
    },
    {
        "id": 38,
        "img_name": "0039.png",
        "width": 1918,
        "height": 1918,
        "position": [
            -0.2664504647254944,
            -3.057772636413574,
            0.3716184198856354
        ],
        "rotation": [
            [
                0.3885335326194763,
                -0.9031679034233093,
                0.182563915848732
            ],
            [
                0.363674521446228,
                0.3323529064655304,
                0.8702196478843689
            ],
            [
                -0.8466299772262573,
                -0.2717156410217285,
                0.4575895369052887
            ]
        ],
        "fy": 2667.694580078125,
        "fx": 2667.640869140625
    },
    {
        "id": 39,
        "img_name": "0040.png",
        "width": 1918,
        "height": 1918,
        "position": [
            -1.0961132049560547,
            -2.6559691429138184,
            0.21422013640403748
        ],
        "rotation": [
            [
                0.42704349756240845,
                -0.8203179836273193,
                0.38041043281555176
            ],
            [
                0.3337981104850769,
                0.5340005159378052,
                0.7768025994300842
            ],
            [
                -0.8403646349906921,
                -0.2047482430934906,
                0.5018620491027832
            ]
        ],
        "fy": 2667.694580078125,
        "fx": 2667.640869140625
    },
    {
        "id": 40,
        "img_name": "0041.png",
        "width": 1918,
        "height": 1918,
        "position": [
            -0.5809160470962524,
            4.46912145614624,
            -0.05811941251158714
        ],
        "rotation": [
            [
                0.9805896282196045,
                -0.04078090190887451,
                0.19178351759910583
            ],
            [
                0.1885291337966919,
                0.46478956937789917,
                -0.8651169538497925
            ],
            [
                -0.05385874584317207,
                0.8844814896583557,
                0.46345627307891846
            ]
        ],
        "fy": 2667.694580078125,
        "fx": 2667.640869140625
    },
    {
        "id": 41,
        "img_name": "0042.png",
        "width": 1918,
        "height": 1918,
        "position": [
            -0.5453927516937256,
            4.340583324432373,
            -0.18538621068000793
        ],
        "rotation": [
            [
                0.9813542366027832,
                -0.0479351244866848,
                0.1861347258090973
            ],
            [
                0.1849522441625595,
                0.49906840920448303,
                -0.846595287322998
            ],
            [
                -0.05231231078505516,
                0.8652358055114746,
                0.49862849712371826
            ]
        ],
        "fy": 2667.694580078125,
        "fx": 2667.640869140625
    },
    {
        "id": 42,
        "img_name": "0043.png",
        "width": 1918,
        "height": 1918,
        "position": [
            -0.26825013756752014,
            -3.085381031036377,
            0.35723623633384705
        ],
        "rotation": [
            [
                0.3925280272960663,
                -0.9015661478042603,
                0.1819344460964203
            ],
            [
                0.361955851316452,
                0.33327245712280273,
                0.8705844879150391
            ],
            [
                -0.8455232381820679,
                -0.27587655186653137,
                0.4571459889411926
            ]
        ],
        "fy": 2667.694580078125,
        "fx": 2667.640869140625
    },
    {
        "id": 43,
        "img_name": "0044.png",
        "width": 1918,
        "height": 1918,
        "position": [
            0.27441006898880005,
            1.2014702558517456,
            -1.992729902267456
        ],
        "rotation": [
            [
                -0.3939368426799774,
                0.9158452153205872,
                -0.0777253657579422
            ],
            [
                -0.9150838255882263,
                -0.3987278640270233,
                -0.06031155586242676
            ],
            [
                -0.0862274318933487,
                0.047366250306367874,
                0.9951488375663757
            ]
        ],
        "fy": 2667.694580078125,
        "fx": 2667.640869140625
    },
    {
        "id": 44,
        "img_name": "0045.png",
        "width": 1918,
        "height": 1918,
        "position": [
            4.108493804931641,
            0.21927183866500854,
            0.7368258833885193
        ],
        "rotation": [
            [
                0.06570616364479065,
                0.3158971667289734,
                -0.9465156197547913
            ],
            [
                -0.8608758449554443,
                0.49758583307266235,
                0.10630687326192856
            ],
            [
                0.504554808139801,
                0.8078473806381226,
                0.30464279651641846
            ]
        ],
        "fy": 2667.694580078125,
        "fx": 2667.640869140625
    },
    {
        "id": 45,
        "img_name": "0046.png",
        "width": 1918,
        "height": 1918,
        "position": [
            3.8447089195251465,
            -0.1343637853860855,
            0.3105328381061554
        ],
        "rotation": [
            [
                0.04572250321507454,
                0.45361435413360596,
                -0.8900244235992432
            ],
            [
                -0.8619151711463928,
                0.4683059751987457,
                0.19440080225467682
            ],
            [
                0.5049867630004883,
                0.7582370638847351,
                0.41238924860954285
            ]
        ],
        "fy": 2667.694580078125,
        "fx": 2667.640869140625
    },
    {
        "id": 46,
        "img_name": "0047.png",
        "width": 1918,
        "height": 1918,
        "position": [
            3.57275652885437,
            -0.5002163052558899,
            -0.10723534971475601
        ],
        "rotation": [
            [
                0.018185963854193687,
                0.5815441608428955,
                -0.8133116364479065
            ],
            [
                -0.8626810312271118,
                0.420327752828598,
                0.2812580168247223
            ],
            [
                0.5054213404655457,
                0.6965134739875793,
                0.5093313455581665
            ]
        ],
        "fy": 2667.694580078125,
        "fx": 2667.640869140625
    },
    {
        "id": 47,
        "img_name": "0048.png",
        "width": 1918,
        "height": 1918,
        "position": [
            3.311063766479492,
            -0.8552024364471436,
            -0.47998982667922974
        ],
        "rotation": [
            [
                -0.018510842695832253,
                0.684283971786499,
                -0.7289806008338928
            ],
            [
                -0.8626573085784912,
                0.3576587736606598,
                0.3576345443725586
            ],
            [
                0.5054499506950378,
                0.6354805827140808,
                0.5836820602416992
            ]
        ],
        "fy": 2667.694580078125,
        "fx": 2667.640869140625
    },
    {
        "id": 48,
        "img_name": "0049.png",
        "width": 1918,
        "height": 1918,
        "position": [
            3.0786960124969482,
            -1.1757053136825562,
            -0.7713532447814941
        ],
        "rotation": [
            [
                -0.0652972161769867,
                0.7553374767303467,
                -0.6520750522613525
            ],
            [
                -0.8609576225280762,
                0.2877140939235687,
                0.4194907546043396
            ],
            [
                0.5044682025909424,
                0.5888004899024963,
                0.6315266489982605
            ]
        ],
        "fy": 2667.694580078125,
        "fx": 2667.640869140625
    },
    {
        "id": 49,
        "img_name": "0050.png",
        "width": 1918,
        "height": 1918,
        "position": [
            2.8947391510009766,
            -1.4366365671157837,
            -0.9412834048271179
        ],
        "rotation": [
            [
                -0.12126228958368301,
                0.7946813106536865,
                -0.5947917103767395
            ],
            [
                -0.8564002513885498,
                0.21920475363731384,
                0.4674695134162903
            ],
            [
                0.5018705129623413,
                0.5660661458969116,
                0.6539838910102844
            ]
        ],
        "fy": 2667.694580078125,
        "fx": 2667.640869140625
    },
    {
        "id": 50,
        "img_name": "0051.png",
        "width": 1918,
        "height": 1918,
        "position": [
            2.7755112648010254,
            -1.6154534816741943,
            -0.9574623703956604
        ],
        "rotation": [
            [
                -0.1824864000082016,
                0.8049401044845581,
                -0.5645973682403564
            ],
            [
                -0.8483568429946899,
                0.16135120391845703,
                0.504238486289978
            ],
            [
                0.496980220079422,
                0.5709966421127319,
                0.6534321308135986
            ]
        ],
        "fy": 2667.694580078125,
        "fx": 2667.640869140625
    },
    {
        "id": 51,
        "img_name": "0052.png",
        "width": 1918,
        "height": 1918,
        "position": [
            2.7534713745117188,
            -1.7028517723083496,
            -0.7892197966575623
        ],
        "rotation": [
            [
                -0.24380221962928772,
                0.785205066204071,
                -0.5692216753959656
            ],
            [
                -0.8369255661964417,
                0.1262134462594986,
                0.5325651168823242
            ],
            [
                0.4900164008140564,
                0.6062368750572205,
                0.6263871788978577
            ]
        ],
        "fy": 2667.694580078125,
        "fx": 2667.640869140625
    },
    {
        "id": 52,
        "img_name": "0053.png",
        "width": 1918,
        "height": 1918,
        "position": [
            2.833477020263672,
            -1.7164994478225708,
            -0.45385587215423584
        ],
        "rotation": [
            [
                -0.2989884912967682,
                0.7360721230506897,
                -0.6072921752929688
            ],
            [
                -0.8234747052192688,
                0.12255004048347473,
                0.553959310054779
            ],
            [
                0.4821776747703552,
                0.6657171845436096,
                0.5694956183433533
            ]
        ],
        "fy": 2667.694580078125,
        "fx": 2667.640869140625
    },
    {
        "id": 53,
        "img_name": "0054.png",
        "width": 1918,
        "height": 1918,
        "position": [
            2.989189624786377,
            -1.6729915142059326,
            -0.001009550760500133
        ],
        "rotation": [
            [
                -0.3429987132549286,
                0.6591067910194397,
