[{"id": 0, "img_name": "0001", "width": 1918, "height": 1918, "position": [2.341827125906852, 4.087111987101919, -0.02287299563398885], "rotation": [[0.8835137372819488, -0.0008574567837145229, -0.46840446283308146], [-0.4038819480120938, 0.5050892359315208, -0.7627347086740375], [0.2372400642894025, 0.8630666999218407, 0.445906967182599]], "fy": 2667.6946853379477, "fx": 2667.640975310525}, {"id": 1, "img_name": "0002", "width": 1918, "height": 1918, "position": [2.320384468556257, 3.997634518899578, -0.07601459183509204], "rotation": [[0.8830070169372136, 0.008938583943009814, -0.4692746634506671], [-0.4048201635753166, 0.5204787589079796, -0.7518128069462924], [0.23752735253544377, 0.8538278299766898, 0.4632049152964593]], "fy": 2667.6946853379477, "fx": 2667.640975310525}, {"id": 2, "img_name": "0003", "width": 1918, "height": 1918, "position": [2.2607512370995524, 3.751995729736928, -0.21190179075087556], "rotation": [[0.881386785415281, 0.03594572088680434, -0.4710257314046075], [-0.40750437154316893, 0.5622158887086681, -0.7196203732918692], [0.23895087710348425, 0.8262089321917613, 0.5101776932579718]], "fy": 2667.6946853379477, "fx": 2667.640975310525}, {"id": 3, "img_name": "0004", "width": 1918, "height": 1918, "position": [2.179547898685272, 3.388610283181171, -0.4125776737008186], "rotation": [[0.8781091799128543, 0.07913817445012447, -0.4718701277867419], [-0.4125632342644231, 0.6247059053055177, -0.6629736869663019], [0.2423135280706655, 0.7768395466382454, 0.581209491399471]], "fy": 2667.6946853379477, "fx": 2667.640975310525}, {"id": 4, "img_name": "0005", "width": 1918, "height": 1918, "position": [2.088155005625736, 2.94541676970397, -0.6539064634016994], "rotation": [[0.8725105238306922, 0.1376517060137361, -0.4688042167431934], [-0.42128148934161835, 0.6979464944387072, -0.5791308985357522], [0.2474819034652814, 0.7027963422871719, 0.6669557771883929]], "fy": 2667.6946853379477, "fx": 2667.640975310525}, {"id": 5, "img_name": "0006", "width": 1918, "height": 1918, "position": [1.9982844719855812, 2.457549120809218, -0.9146623523871823], "rotation": [[0.8636457006293797, 0.20808236443200384, -0.4591490317933541], [-0.4346476607610396, 0.7687371972657961, -0.46917430932957577], [0.25533804021207646, 0.6047684277079244, 0.7543590882784811]], "fy": 2667.6946853379477, "fx": 2667.640975310525}, {"id": 6, "img_name": "0007", "width": 1918, "height": 1918, "position": [1.922680776149471, 1.9632872720300798, -1.170972479278131], "rotation": [[0.8501390854675402, 0.2843370217169099, -0.44318844010372377], [-0.4540062127115644, 0.8221574246537579, -0.3434174251636078], [0.26672437867528376, 0.4931628809712445, 0.8280389354688741]], "fy": 2667.6946853379477, "fx": 2667.640975310525}, {"id": 7, "img_name": "0008", "width": 1918, "height": 1918, "position": [1.8738601516861004, 1.499337853892436, -1.4014060748301245], "rotation": [[0.8302870654205563, 0.36015555751609873, -0.42533676467663717], [-0.48057226887585686, 0.8491457310273655, -0.2190931807827717], [0.28226527130136303, 0.38631528816275085, 0.8781154905528651]], "fy": 2667.6946853379477, "fx": 2667.640975310525}, {"id": 8, "img_name": "0009", "width": 1918, "height": 1918, "position": [1.8636270355459879, 1.1042908308189985, -1.5821238233700359], "rotation": [[0.8025610227522247, 0.4305283947529952, -0.41296622872858724], [-0.5145091757469725, 0.8498910929203114, -0.11386587832572792], [0.3019538256606028, 0.3038592297201577, 0.903600274282162]], "fy": 2667.6946853379477, "fx": 2667.640975310525}, {"id": 9, "img_name": "0010", "width": 1918, "height": 1918, "position": [1.906204995200614, 0.8128762469290703, -1.6927869192566323], "rotation": [[0.7667005087964127, 0.49095211266409455, -0.4136862976725045], [-0.5537271883382521, 0.8317791948823092, -0.03910974119003579], [0.32489464554888503, 0.2590548089335536, 0.9095790648767508]], "fy": 2667.6946853379477, "fx": 2667.640975310525}, {"id": 10, "img_name": "0011", "width": 1918, "height": 1918, "position": [2.0127495028982483, 0.6638574777418486, -1.708769719642138], "rotation": [[0.7257247273755784, 0.5338308619295811, -0.4339910493629597], [-0.5934022796043579, 0.804902971713282, -0.0022227657274333777], [0.34813410438506864, 0.2591443940714291, 0.9009144401025871]], "fy": 2667.6946853379477, "fx": 2667.640975310525}, {"id": 11, "img_name": "0012", "width": 1918, "height": 1918, "position": [2.1838316228365766, 0.6705136684650486, -1.6095298842183787], "rotation": [[0.6846302615300645, 0.5511797671030251, -0.47695101355750424], [-0.6287341889520142, 0.7776106481280642, -0.003872926633017354], [0.3687475079781944, 0.3025269314525679, 0.8789213452327602]], "fy": 2667.6946853379477, "fx": 2667.640975310525}, {"id": 12, "img_name": "0013", "width": 1918, "height": 1918, "position": [2.4018224080997066, 0.8015112064924134, -1.4059792338405195], "rotation": [[0.6474653769000948, 0.539364847975086, -0.5383996159772318], [-0.6573618632907943, 0.7526912934563034, -0.0364855786021279], [0.38556966479026, 0.37754652365488595, 0.8418994334655637]], "fy": 2667.6946853379477, "fx": 2667.640975310525}, {"id": 13, "img_name": "0014", "width": 1918, "height": 1918, "position": [2.6501948969321636, 1.0281334335485006, -1.1251598484928118], "rotation": [[0.6170770629992166, 0.4959714053939974, -0.6109241060489952], [-0.6787988635914072, 0.7282269493925586, -0.09443311371241533], [0.3980552739347579, 0.47296709738618237, 0.7860369734833179]], "fy": 2667.6946853379477, "fx": 2667.640975310525}, {"id": 14, "img_name": "0015", "width": 1918, "height": 1918, "position": [2.915011878968724, 1.3200768435829602, -0.7944750466857067], "rotation": [[0.5939474503547524, 0.42298772553662417, -0.6843301909622593], [-0.6939748932810309, 0.6996801370158989, -0.1698427312574626], [0.40697085118306753, 0.5757856284336788, 0.7091160951329218]], "fy": 2667.6946853379477, "fx": 2667.640975310525}, {"id": 15, "img_name": "0016", "width": 1918, "height": 1918, "position": [3.180582920654245, 1.6481301001653783, -0.4410259199376929], "rotation": [[0.5772924952176105, 0.32908813205030146, -0.7472846688572357], [-0.7044196504974889, 0.6635571302371264, -0.2519620822752206], [0.4129483393336517, 0.6718578244354326, 0.6148826983957724]], "fy": 2667.6946853379477, "fx": 2667.640975310525}, {"id": 16, "img_name": "0017", "width": 1918, "height": 1918, "position": [3.4316683619013704, 1.9827484861467883, -0.09100133937493937], "rotation": [[0.5658691815727475, 0.2284240216963876, -0.7922212668555657], [-0.711374277416638, 0.6210198525038642, -0.3290607546123289], [0.41681975334207144, 0.7497711711636607, 0.51391096905566]], "fy": 2667.6946853379477, "fx": 2667.640975310525}, {"id": 17, "img_name": "0018", "width": 1918, "height": 1918, "position": [3.65345733625562, 2.2951825895198725, 0.22944943995212322], "rotation": [[0.5584103049960526, 0.135857433742475, -0.8183646430358075], [-0.715797854416813, 0.577528865717133, -0.3925478835451402], [0.4192986559559936, 0.8049864389916086, 0.4197445296285664]], "fy": 2667.6946853379477, "fx": 2667.640975310525}, {"id": 18, "img_name": "0019", "width": 1918, "height": 1918, "position": [3.831014452519849, 2.5532960667537417, 0.4910285084303764], "rotation": [[0.5537834789815215, 0.063094536249255, -0.8302667871850675], [-0.7184899699662037, 0.5401572098127437, -0.4381807295457835], [0.42082778124202563, 0.8391956078190608, 0.3444629303018117]], "fy": 2667.6946853379477, "fx": 2667.640975310525}, {"id": 19, "img_name": "0020", "width": 1918, "height": 1918, "position": [3.9490187527116696, 2.742315922683448, 0.7021217279977985], "rotation": [[0.549874167004278, 0.010905742893571536, -0.8351763078735477], [-0.7227087910959311, 0.507487701595987, -0.46919956948134606], [0.41872473503963104, 0.8615899822425755, 0.2869360534426251]], "fy": 2667.6946853379477, "fx": 2667.640975310525}, {"id": 20, "img_name": "0021", "width": 1918, "height": 1918, "position": [4.055095892993992, 2.8243741397947315, 0.8374729809990781], "rotation": [[0.5392896485113583, -0.026188914948459065, -0.8417130245768555], [-0.7230046972481421, 0.4980783253232287, -0.478729766779057], [0.43177642682946216, 0.8667364781622094, 0.24967377647112193]], "fy": 2667.6946853379477, "fx": 2667.640975310525}, {"id": 21, "img_name": "0022", "width": 1918, "height": 1918, "position": [4.033679993991136, 2.7763637952861187, 0.6642075883157555], "rotation": [[0.5449264751595075, 0.009068409154976833, -0.8384347921130374], [-0.726968335011193, 0.5033827710886836, -0.4670362145081815], [0.4178183535476733, 0.8640159429816534, 0.2808990454099754]], "fy": 2667.6946853379477, "fx": 2667.640975310525}, {"id": 22, "img_name": "0023", "width": 1918, "height": 1918, "position": [3.8542759149164376, 2.4571220721798634, 0.486159662769228], "rotation": [[0.5380983072429095, 0.07470036063728276, -0.8395654041603756], [-0.7275542435941551, 0.5440829656234603, -0.41789777356013447], [0.42557612053597677, 0.8356994571250124, 0.347118687181355]], "fy": 2667.6946853379477, "fx": 2667.640975310525}, {"id": 23, "img_name": "0024", "width": 1918, "height": 1918, "position": [3.705914194965474, 2.0909868706304215, 0.22188808300365054], "rotation": [[0.5228556665943102, 0.16308380720718188, -0.836675339505731], [-0.7354984359949425, 0.5824601659827446, -0.3460956597421401], [0.43088745927354777, 0.7963314805218767, 0.4244904834865234]], "fy": 2667.6946853379477, "fx": 2667.640975310525}, {"id": 24, "img_name": "0025", "width": 1918, "height": 1918, "position": [3.5269532731066477, 1.645936412111505, -0.09947066777524716], "rotation": [[0.5014924236568014, 0.27881871716829626, -0.8190027301367515], [-0.7464070968742161, 0.6181085150755883, -0.24661368438684758], [0.437472050250792, 0.7349843444235235, 0.5180890065439445]], "fy": 2667.6946853379477, "fx": 2667.640975310525}, {"id": 25, "img_name": "0026", "width": 1918, "height": 1918, "position": [3.332416666660343, 1.1624273476930784, -0.44863385852077187], "rotation": [[0.4740870908759424, 0.40822592076550884, -0.7801237260075728], [-0.7595735016611359, 0.6377247311425708, -0.12788769629395905], [0.4452971208519389, 0.6531912161873338, 0.612414654671723]], "fy": 2667.6946853379477, "fx": 2667.640975310525}, {"id": 26, "img_name": "0027", "width": 1918, "height": 1918, "position": [3.1374114865134874, 0.6787440652790648, -0.7982199425795424], "rotation": [[0.44129422873850604, 0.5328390250201505, -0.7220401492283255], [-0.7741580526284781, 0.632963492334636, -0.006043750658623229], [0.4538047082529769, 0.561640268131761, 0.6918247581435011]], "fy": 2667.6946853379477, "fx": 2667.640975310525}, {"id": 27, "img_name": "0028", "width": 1918, "height": 1918, "position": [2.9577203503162868, 0.2348277529897792, -1.1191349385590228], "rotation": [[0.4050808771482018, 0.6365004283576183, -0.6563358040434879], [-0.7887730310107819, 0.6063032371597084, 0.10116071450777106], [0.46232736077254566, 0.4767217105505339, 0.7476562192417485]], "fy": 2667.6946853379477, "fx": 2667.640975310525}, {"id": 28, "img_name": "0029", "width": 1918, "height": 1918, "position": [2.810717187335233, -0.1316169986584318, -1.3831521360536239], "rotation": [[0.3695261016722628, 0.7116073569833941, -0.5975495206842768], [-0.8016317257950664, 0.5693474468960984, 0.18229114326186568], [0.46993301265363774, 0.41165331797521426, 0.7808357762156348]], "fy": 2667.6946853379477, "fx": 2667.640975310525}, {"id": 29, "img_name": "0030", "width": 1918, "height": 1918, "position": [2.710969042938329, -0.381386792204674, -1.562187805045324], "rotation": [[0.34184867436167754, 0.7569838510573574, -0.5568796396668998], [-0.8106004557832134, 0.5373315410489771, 0.23281262010032563], [0.47546438869931235, 0.37182020417441525, 0.7972975296879362]], "fy": 2667.6946853379477, "fx": 2667.640975310525}, {"id": 30, "img_name": "0031", "width": 1918, "height": 1918, "position": [2.6729733698131075, -0.4715240139650558, -1.6294037072999246], "rotation": [[0.33095255671050905, 0.7726494662430411, -0.5417409044193736], [-0.8141392599291148, 0.5240618847970431, 0.25007280208979965], [0.47712437649825695, 0.3582903057819378, 0.8024838852798446]], "fy": 2667.6946853379477, "fx": 2667.640975310525}, {"id": 31, "img_name": "0032", "width": 1918, "height": 1918, "position": [2.7305893787858415, -0.4295283547201105, -1.533777169801496], "rotation": [[0.32008614541539326, 0.7631849747158864, -0.5613319462501912], [-0.8173357698454996, 0.5220681077175462, 0.24373577955500242], [0.4790689917372861, 0.380780232249696, 0.7908851470875451]], "fy": 2667.6946853379477, "fx": 2667.640975310525}, {"id": 32, "img_name": "0033", "width": 1918, "height": 1918, "position": [2.8859617901696724, -0.3160310561685944, -1.2757040430416173], "rotation": [[0.2923933747628473, 0.7323711625471478, -0.614929747746954], [-0.8250371164022708, 0.5183373271800868, 0.22503371260864308], [0.4835492435661738, 0.4415414992060688, 0.7557917924438173]], "fy": 2667.6946853379477, "fx": 2667.640975310525}, {"id": 33, "img_name": "0034", "width": 1918, "height": 1918, "position": [3.1145360948791976, -0.14840172526906753, -0.8951285307063152], "rotation": [[0.2559786858083097, 0.6729691498173517, -0.6939650105055449], [-0.8340311044949248, 0.5167004755145691, 0.1934237196881334], [0.4887402471117208, 0.5292760546228487, 0.6935415119919248]], "fy": 2667.6946853379477, "fx": 2667.640975310525}, {"id": 34, "img_name": "0035", "width": 1918, "height": 1918, "position": [3.3923278717102283, 0.05485468907439033, -0.4322737870251667], "rotation": [[0.21766206055267642, 0.57948832092462, -0.7853766696992772], [-0.8420733824384384, 0.51834874580901, 0.1490872104069087], [0.49349330895631255, 0.6288941593226883, 0.6007965465822507]], "fy": 2667.6946853379477, "fx": 2667.640975310525}, {"id": 35, "img_name": "0036", "width": 1918, "height": 1918, "position": [3.694547760984953, 0.27592817567464195, 0.06974277252835996], "rotation": [[0.18210617619671945, 0.4560419921616462, -0.8711274544957509], [-0.8483917590035787, 0.5207287610175851, 0.09525219527078925], [0.497060120957036, 0.7217113403808533, 0.48173019141408296]], "fy": 2667.6946853379477, "fx": 2667.640975310525}, {"id": 36, "img_name": "0037", "width": 1918, "height": 1918, "position": [3.9971849636556356, 0.4958533665654947, 0.5723716043054687], "rotation": [[0.15156157362129372, 0.31883182883961997, -0.9356149605047046], [-0.8527907956057438, 0.5207704284534029, 0.039319458014849186], [0.4997768985573059, 0.7919245076187768, 0.35082563461240707]], "fy": 2667.6946853379477, "fx": 2667.640975310525}, {"id": 37, "img_name": "0038", "width": 1918, "height": 1918, "position": [0.33111790943577457, 1.3836074719079288, -1.9270971356069138], "rotation": [[-0.3811530249801592, 0.9198995674950943, -0.09223425215619313], [-0.9150035640788389, -0.3896225312696544, -0.10470320362839441], [-0.1322529745279704, 0.044486726664986945, 0.9902171892464495]], "fy": 2667.6946853379477, "fx": 2667.640975310525}, {"id": 38, "img_name": "0039", "width": 1918, "height": 1918, "position": [-0.2664505668081696, -3.0577728414382896, 0.37161848848552076], "rotation": [[0.388533526711622, -0.9031678226908375, 0.18256391395048874], [0.36367469260008434, 0.33235297619751697, 0.8702196373185835], [-0.8466300352475477, -0.2717156294152856, 0.4575895542385028]], "fy": 2667.6946853379477, "fx": 2667.640975310525}, {"id": 39, "img_name": "0040", "width": 1918, "height": 1918, "position": [-1.0961131640215127, -2.6559690224812313, 0.21422022616033853], "rotation": [[0.4270435554480046, -0.8203180265887485, 0.38041048487636103], [0.33379814211400183, 0.5340004626351544, 0.7768026172887691], [-0.8403645649785381, -0.2047482384758957, 0.5018620893925443]], "fy": 2667.6946853379477, "fx": 2667.640975310525}, {"id": 40, "img_name": "0041", "width": 1918, "height": 1918, "position": [-0.5809159842587787, 4.469121527027628, -0.058119255194533696], "rotation": [[0.9805896201892541, -0.040780898645770634, 0.19178351097718913], [0.18852913060278517, 0.4647896231891811, -0.8651169707558723], [-0.05385873829985455, 0.8844815003612583, 0.4634562674378731]], "fy": 2667.6946853379477, "fx": 2667.640975310525}, {"id": 41, "img_name": "0042", "width": 1918, "height": 1918, "position": [-0.5453927202736574, 4.34058312516315, -0.18538615072489686], "rotation": [[0.9813542130241858, -0.04793510791421431, 0.18613472005226125], [0.18495224031759505, 0.49906830980942574, -0.8465952344216603], [-0.05231230621167075, 0.8652358335004486, 0.49862849401693904]], "fy": 2667.6946853379477, "fx": 2667.640975310525}, {"id": 42, "img_name": "0043", "width": 1918, "height": 1918, "position": [-0.2682501425445048, -3.085380919772815, 0.35723607039754146], "rotation": [[0.3925280599646723, -0.9015661793631765, 0.18193445624415083], [0.3619559421118004, 0.33327246212020106, 0.870584494441693], [-0.8455232806436079, -0.27587658512607294, 0.4571460288232274]], "fy": 2667.6946853379477, "fx": 2667.640975310525}, {"id": 43, "img_name": "0044", "width": 1918, "height": 1918, "position": [0.27441013422867, 1.2014703612909916, -1.9927301182438077], "rotation": [[-0.3939368893158533, 0.9158452348998308, -0.07772536875063812], [-0.9150839172525167, -0.3987279028255518, -0.06031155688693864], [-0.08622732526257745, 0.047366287796393534, 0.9951488748717204]], "fy": 2667.6946853379477, "fx": 2667.640975310525}, {"id": 44, "img_name": "0045", "width": 1918, "height": 1918, "position": [4.108493669382916, 0.21927179139880834, 0.7368258623207053], "rotation": [[0.0657062257387837, 0.31589721444455265, -0.9465155264470497], [-0.8608758260012805, 0.49758583880388896, 0.1063068446923483], [0.5045547582827623, 0.8078473141182079, 0.3046427628653284]], "fy": 2667.6946853379477, "fx": 2667.640975310525}, {"id": 45, "img_name": "0046", "width": 1918, "height": 1918, "position": [3.844708983371089, -0.13436385415420785, 0.31053280404491623], "rotation": [[0.04572246892050016, 0.45361438711316954, -0.8900244062045473], [-0.8619152026505053, 0.46830600569942715, 0.19440079337746122], [0.5049867713868871, 0.7582370822043667, 0.41238924318470793]], "fy": 2667.6946853379477, "fx": 2667.640975310525}, {"id": 46, "img_name": "0047", "width": 1918, "height": 1918, "position": [3.5727561886868764, -0.5002162933883901, -0.10723537027184792], "rotation": [[0.01818609342047689, 0.5815442490800558, -0.813311473156512], [-0.8626810662819858, 0.42032765173105807, 0.28125796534290415], [0.5054212538909277, 0.6965134252490532, 0.5093313308281299]], "fy": 2667.6946853379477, "fx": 2667.640975310525}, {"id": 47, "img_name": "0048", "width": 1918, "height": 1918, "position": [3.3110640518140566, -0.8552024184893064, -0.479989783715367], "rotation": [[-0.018510801403310777, 0.6842839793507092, -0.7289806484642545], [-0.8626573461831435, 0.3576588107741745, 0.35763455950433437], [0.5054499513380758, 0.6354806139289861, 0.5836820504459389]], "fy": 2667.6946853379477, "fx": 2667.640975310525}, {"id": 48, "img_name": "0049", "width": 1918, "height": 1918, "position": [3.078695819042972, -1.1757052038546045, -0.7713529930839478], "rotation": [[-0.06529722695985178, 0.7553373553131438, -0.652074958743164], [-0.8609576639679346, 0.28771415362686736, 0.4194907229697126], [0.5044682081224054, 0.5888005141568075, 0.6315265485491869]], "fy": 2667.6946853379477, "fx": 2667.640975310525}, {"id": 49, "img_name": "0050", "width": 1918, "height": 1918, "position": [2.8947392185240366, -1.4366365054911043, -0.9412834197675782], "rotation": [[-0.12126227965025986, 0.7946812166887619, -0.5947917479051735], [-0.8564002979044169, 0.2192048414296674, 0.4674695361657488], [0.5018704905483566, 0.5660662517195877, 0.653983951929165]], "fy": 2667.6946853379477, "fx": 2667.640975310525}, {"id": 50, "img_name": "0051", "width": 1918, "height": 1918, "position": [2.7755109765973103, -1.6154533146811594, -0.9574621087333913], "rotation": [[-0.1824864021504761, 0.804940111430997, -0.564597316713097], [-0.8483568685502152, 0.1613512303566769, 0.5042384396751793], [0.49698021752766747, 0.5709966702808703, 0.6534320667937191]], "fy": 2667.6946853379477, "fx": 2667.640975310525}, {"id": 51, "img_name": "0052", "width": 1918, "height": 1918, "position": [2.7534713906880595, -1.7028519410191916, -0.7892198457088304], "rotation": [[-0.24380219176031856, 0.7852051431053261, -0.5692217270394806], [-0.8369256028118945, 0.12621338575037117, 0.5325652228745085], [0.4900163534524247, 0.6062368056282728, 0.626387187648994]], "fy": 2667.6946853379477, "fx": 2667.640975310525}, {"id": 52, "img_name": "0053", "width": 1918, "height": 1918, "position": [2.833477046159961, -1.7164993545177192, -0.4538559459301198], "rotation": [[-0.29898851650992814, 0.7360720666848439, -0.607292169916174], [-0.8234746820474375, 0.12255007081217206, 0.5539593199602325], [0.4821776799293636, 0.6657172018133783, 0.5694956472069841]], "fy": 2667.6946853379477, "fx": 2667.640975310525}, {"id": 53, "img_name": "0054", "width": 1918, "height": 1918, "position": [2.9891895717821835, -1.6729914329246494, -0.0010096573951452685], "rotation": [[-0.3429987603116644, 0.6591067233552262, -0.6692758606528387], [-0.810655841230648, 0.15224251627340551, 0.5653842262721623], [0.47454078592181204, 0.7364784745440147, 0.4820897209338008]], "fy": 2667.6946853379477, "fx": 2667.640975310525}, {"id": 54, "img_name": "0055", "width": 1918, "height": 1918, "position": [3.1988458397048958, -1.5876770914239655, 0.5311183449928867], "rotation": [[-0.3754560262463199, 0.5542045719214765, -0.7428930372648916], [-0.7998544662591357, 0.2112054153897662, 0.5618052200855287], [0.4682580540264478, 0.8051394692668902, 0.36398465608868036]], "fy": 2667.6946853379477, "fx": 2667.640975310525}, {"id": 55, "img_name": "0056", "width": 1918, "height": 1918, "position": [3.438517449286378, -1.474767824713151, 1.0984662373238634], "rotation": [[-0.3980701797108188, 0.4275090235068241, -0.8116502737295405], [-0.7917014828808908, 0.28685056935614145, 0.5393751133156367], [0.4634100711348371, 0.857293873581457, 0.22427287016156436]], "fy": 2667.6946853379477, "fx": 2667.640975310525}, {"id": 56, "img_name": "0057", "width": 1918, "height": 1918, "position": [3.68570995797793, -1.3513478526130793, 1.6578161888906655], "rotation": [[-0.4134350430032038, 0.2941582608118908, -0.8617089896322668], [-0.7859872672747407, 0.36246899924218867, 0.5008395354505786], [0.45966888180398263, 0.8843569088238582, 0.08134726127280621]], "fy": 2667.6946853379477, "fx": 2667.640975310525}, {"id": 57, "img_name": "0058", "width": 1918, "height": 1918, "position": [2.108850001617584, 3.3384501762561585, -0.537768284062161], "rotation": [[0.887372893819462, 0.07738302623714516, -0.45451206206750433], [-0.3893403206855943, 0.6537915620835032, -0.6488225551233953], [0.24694829823854253, 0.7527074203160176, 0.6102852426515767]], "fy": 2667.6946853379477, "fx": 2667.640975310525}, {"id": 58, "img_name": "0059", "width": 1918, "height": 1918, "position": [2.0738877429471785, 4.003335235776473, -0.09154750469244408], "rotation": [[0.905951556155556, 0.01219150492188245, -0.42320579521914176], [-0.3678737417512069, 0.517459223187088, -0.7725961833122018], [0.20957263187089262, 0.8556210139695933, 0.47327792302657873]], "fy": 2667.6946853379477, "fx": 2667.640975310525}, {"id": 59, "img_name": "0060", "width": 1918, "height": 1918, "position": [2.6514526758677124, 4.061758574483095, 0.38647751970807204], "rotation": [[0.8354656941235677, -0.04667941737614714, -0.5475564865254073], [-0.47398453048425704, 0.4430066119407778, -0.760975562444926], [0.2780930398342319, 0.8953022806684771, 0.3479915048181202]], "fy": 2667.6946853379477, "fx": 2667.640975310525}, {"id": 60, "img_name": "0061", "width": 1918, "height": 1918, "position": [2.4742361433809434, 4.085772667273841, 0.17823548425559935], "rotation": [[0.8631578073735375, -0.012585343598396545, -0.5047773852864422], [-0.440301817948776, 0.47059665750098345, -0.7646391927307316], [0.24716979726720256, 0.8822586894303803, 0.40065782937998035]], "fy": 2667.6946853379477, "fx": 2667.640975310525}, {"id": 61, "img_name": "0062", "width": 1918, "height": 1918, "position": [2.311338796662451, 3.995914634665501, -0.07527152437465513], "rotation": [[0.883048905317741, 0.0073580357463276375, -0.46922328387143697], [-0.40384670448834825, 0.5211933809890934, -0.7518412724019999], [0.239023994801861, 0.8534068894279643, 0.46321076302893305]], "fy": 2667.6946853379477, "fx": 2667.640975310525}, {"id": 62, "img_name": "0063", "width": 1918, "height": 1918, "position": [-3.6137014631559103, 1.8485212854837962, 1.1287135389098748], "rotation": [[0.3537679024554068, -0.01489931435572775, 0.9352145644845523], [0.7820128961009379, 0.5532503520269793, -0.2870015301594176], [-0.5131316610034167, 0.8328817793743315, 0.20737367253854078]], "fy": 2667.6946853379477, "fx": 2667.640975310525}, {"id": 63, "img_name": "0064", "width": 1918, "height": 1918, "position": [2.1087283088282067, 3.3385029985685017, -0.5377994481377593], "rotation": [[0.8867275146826011, 0.09002916026273858, -0.45344135784818235], [-0.3978033892025226, 0.6482902172282385, -0.6492089477087862], [0.23551385998238739, 0.7560519456681195, 0.6106706781954142]], "fy": 2667.6946853379477, "fx": 2667.640975310525}, {"id": 64, "img_name": "0065", "width": 1918, "height": 1918, "position": [3.5738500278378855, -1.550445210438221, 1.7760657954517223], "rotation": [[-0.4739385599910022, 0.284187909977712, -0.833438343956021], [-0.7599669103551631, 0.3460766149069106, 0.5501647678466893], [0.44478369632764486, 0.894129861058825, 0.05195435539051127]], "fy": 2667.6946853379477, "fx": 2667.640975310525}, {"id": 65, "img_name": "0066", "width": 1918, "height": 1918, "position": [3.2830250758812847, -1.7572186212545606, 1.2632487190013304], "rotation": [[-0.49081265323141227, 0.405485451413983, -0.7711578879318678], [-0.7519944161844656, 0.24984218148909118, 0.6099862968757219], [0.4400083379384139, 0.8792954185257479, 0.18229709132156807]], "fy": 2667.6946853379477, "fx": 2667.640975310525}, {"id": 66, "img_name": "0067", "width": 1918, "height": 1918, "position": [2.984330376872039, -1.975314324570622, 0.7562255849731113], "rotation": [[-0.5144208497179829, 0.5120411411315794, -0.6878844809734397], [-0.7401275938134043, 0.1400314134588039, 0.6577251311305581], [0.4331077628620951, 0.8474698065615079, 0.3069406990204974]], "fy": 2667.6946853379477, "fx": 2667.640975310525}, {"id": 67, "img_name": "0068", "width": 1918, "height": 1918, "position": [2.699493009032367, -2.1914238306753155, 0.30201003387583986], "rotation": [[-0.5460314383961935, 0.5868538471588279, -0.5978730888389825], [-0.7230612291849475, 0.030312725219141065, 0.6901185387593505], [0.4231218821244487, 0.8091252688951639, 0.40777956312546176]], "fy": 2667.6946853379477, "fx": 2667.640975310525}, {"id": 68, "img_name": "0069", "width": 1918, "height": 1918, "position": [2.4485198133748374, -2.395713125203435, -0.05772119579172413], "rotation": [[-0.5860641218672351, 0.6241993149501468, -0.5166275837348924], [-0.6993426475377491, -0.06767033811650958, 0.7115761285161893], [0.4092049686830274, 0.7783289411007176, 0.47618835879319654]], "fy": 2667.6946853379477, "fx": 2667.640975310525}, {"id": 69, "img_name": "0070", "width": 1918, "height": 1918, "position": [2.2525239083537163, -2.576374329465289, -0.2757646153689472], "rotation": [[-0.6322891155847796, 0.6265189781761712, -0.4557240879063809], [-0.6686612078204447, -0.1442276680350746, 0.7294453844732092], [0.3912833544493308, 0.7659453960683166, 0.5101225213344623]], "fy": 2667.6946853379477, "fx": 2667.640975310525}, {"id": 70, "img_name": "0071", "width": 1918, "height": 1918, "position": [2.1315227763899305, -2.7217872216555956, -0.31136780915123297], "rotation": [[-0.6792051784997891, 0.6008503051346519, -0.4214964250366367], [-0.6335443035440065, -0.19003364183420723, 0.7500058869223413], [0.37054276534026304, 0.7764445413491061, 0.5097371217237047]], "fy": 2667.6946853379477, "fx": 2667.640975310525}, {"id": 71, "img_name": "0072", "width": 1918, "height": 1918, "position": [2.086783166914992, -2.818770935238324, -0.13401703359181344], "rotation": [[-0.721243725225843, 0.5549883683703415, -0.41448208621841964], [-0.5979279740295113, -0.19673644893789527, 0.7770308279162867], [0.3496993375677331, 0.8082590430257693, 0.4737380000292947]], "fy": 2667.6946853379477, "fx": 2667.640975310525}, {"id": 72, "img_name": "0073", "width": 1918, "height": 1918, "position": [2.0974116504105687, -2.8657721160541705, 0.2185644978688692], "rotation": [[-0.7553805977166866, 0.4964548539716567, -0.42770636020658104], [-0.5656880625040838, -0.16459030188769094, 0.8080266384624296], [0.33075242785738757, 0.8523160273586902, 0.4051669050822686]], "fy": 2667.6946853379477, "fx": 2667.640975310525}, {"id": 73, "img_name": "0074", "width": 1918, "height": 1918, "position": [2.1514372825184154, -2.8723600200762958, 0.7005853258955291], "rotation": [[-0.7809850876168676, 0.427889224680579, -0.45494296820846347], [-0.5392068477410142, -0.09438270181289794, 0.8368678993411662], [0.31514801009886234, 0.8988897134803305, 0.3044322826672242]], "fy": 2667.6946853379477, "fx": 2667.640975310525}, {"id": 74, "img_name": "0075", "width": 1918, "height": 1918, "position": [2.2368933661389097, -2.847924477846589, 1.26747833843128], "rotation": [[-0.7991587793659669, 0.3499352150275921, -0.4887643508337015], [-0.5189974053541366, 0.008577524019763102, 0.8547327765549673], [0.3032934859141734, 0.9367346323080422, 0.17476066501574647]], "fy": 2667.6946853379477, "fx": 2667.640975310525}, {"id": 75, "img_name": "0076", "width": 1918, "height": 1918, "position": [2.342008597113753, -2.8017064432595786, 1.872505705793212], "rotation": [[-0.8115930272070658, 0.2653538990264879, -0.520484453620193], [-0.5044341205212999, 0.13115470013719785, 0.8534311118572044], [0.29472525552244966, 0.9551888571917923, 0.027409320565541084]], "fy": 2667.6946853379477, "fx": 2667.640975310525}, {"id": 76, "img_name": "0077", "width": 1918, "height": 1918, "position": [2.454192426345093, -2.742138276558182, 2.4709854630560244], "rotation": [[-0.819790799179999, 0.18111949269534242, -0.5432667622315946], [-0.4944735581351805, 0.2546401667070009, 0.8310561267475047], [0.2888580029788901, 0.9499232152470075, -0.11919286576735545]], "fy": 2667.6946853379477, "fx": 2667.640975310525}, {"id": 77, "img_name": "0078", "width": 1918, "height": 1918, "position": [-1.6461582725474546, -2.0347122576799976, -0.30404362510035804], "rotation": [[-0.41588366950952266, 0.8264233687880238, 0.3795592034931411], [-0.4414310087034821, -0.5483459951767297, 0.7102501912204374], [0.7950971248786655, 0.1278322537339283, 0.592857045935177]], "fy": 2667.6946853379477, "fx": 2667.640975310525}, {"id": 78, "img_name": "0079", "width": 1918, "height": 1918, "position": [1.2413214815217573, -0.18333025043815626, -1.6055760227757478], "rotation": [[0.6622102772142716, -0.7276879188067713, -0.17873959151365265], [0.7488421666813032, 0.6341861752015088, 0.19246637260397628], [-0.026701276221352675, -0.26130095293731914, 0.9648880006727205]], "fy": 2667.6946853379477, "fx": 2667.640975310525}, {"id": 79, "img_name": "0080", "width": 1918, "height": 1918, "position": [3.5877932707787883, 2.8245093477349634, 0.7480433217007526], "rotation": [[0.5913176778149142, 0.04414392232210085, -0.8052296057806105], [-0.7322521812699818, 0.4477170456760635, -0.5131824139976459], [0.337861135570416, 0.8930849685965595, 0.2970674871774947]], "fy": 2667.6946853379477, "fx": 2667.640975310525}, {"id": 80, "img_name": "0081", "width": 1918, "height": 1918, "position": [4.023355726423815, 2.8162893060712784, 0.6923891405254521], "rotation": [[0.5529013677513911, 0.0071527820590917245, -0.8332160075559375], [-0.7220810700953915, 0.5031200269059959, -0.47483593665181223], [0.4158112621713546, 0.8641869451889012, 0.28334063954282984]], "fy": 2667.6946853379477, "fx": 2667.640975310525}, {"id": 81, "img_name": "0082", "width": 1918, "height": 1918, "position": [3.7663707171140315, 2.795476083099477, 0.6753437741568908], "rotation": [[0.5703667253200626, 0.056110611257546746, -0.8194714137491147], [-0.7462368904683377, 0.45229616196264744, -0.4884246975512242], [0.3432379669439477, 0.8901009949315656, 0.2998464888405772]], "fy": 2667.6946853379477, "fx": 2667.640975310525}, {"id": 82, "img_name": "0083", "width": 1918, "height": 1918, "position": [-1.4376180379060004, 0.5745660259898002, -1.5874971558517432], "rotation": [[-0.7266700383284141, -0.5255366719357842, 0.4424498410514364], [0.6258221801783448, -0.772055976755447, 0.11079786799851438], [0.2833677013927394, 0.357408415131559, 0.8899224520150856]], "fy": 2667.6946853379477, "fx": 2667.640975310525}, {"id": 83, "img_name": "0084", "width": 1918, "height": 1918, "position": [-1.7014373061589256, -2.075817120157643, -0.13373051326355695], "rotation": [[-0.40428882331784183, 0.82406447246992, 0.39682274702081677], [-0.4077854074400046, -0.5507552832516389, 0.7282717071597633], [0.8186950646115219, 0.13261358596795103, 0.5587056720648689]], "fy": 2667.6946853379477, "fx": 2667.640975310525}, {"id": 84, "img_name": "0085", "width": 1918, "height": 1918, "position": [2.1582592267191854, -2.831221293977045, 2.5237297107655956], "rotation": [[-0.8626531712942648, 0.16265766498375098, -0.47892795917338304], [-0.4367411239451945, 0.23805809018082863, 0.8675168795790345], [0.25512094526133305, 0.9575337224983202, -0.13432227502344365]], "fy": 2667.6946853379477, "fx": 2667.640975310525}, {"id": 85, "img_name": "0086", "width": 1918, "height": 1918, "position": [1.9134815569199513, -2.941268688043956, 1.9560625591800982], "rotation": [[-0.8786941128900305, 0.22098128356635038, -0.42315945964348967], [-0.4122580308435768, 0.09568968349205341, 0.9060280351502191], [0.24070723291454768, 0.9705723861652764, 0.007019347267572272]], "fy": 2667.6946853379477, "fx": 2667.640975310525}, {"id": 86, "img_name": "0087", "width": 1918, "height": 1918, "position": [1.6685151685624655, -3.051699347102193, 1.386578898285656], "rotation": [[-0.8963155468306367, 0.263073935501283, -0.35694613735066927], [-0.38293104091397706, -0.05336563866467924, 0.9222342037218357], [0.22356712283838648, 0.9632986105407696, 0.14857162756054124]], "fy": 2667.6946853379477, "fx": 2667.640975310525}, {"id": 87, "img_name": "0088", "width": 1918, "height": 1918, "position": [1.4429562397019793, -3.1530149924577153, 0.8646329948488565], "rotation": [[-0.9140237120486662, 0.2822145932309547, -0.29140277483281335], [-0.35032370999724977, -0.1869502949978428, 0.9177815020003302], [0.20453349854373348, 0.9409593564908668, 0.2697434659185545]], "fy": 2667.6946853379477, "fx": 2667.640975310525}, {"id": 88, "img_name": "0089", "width": 1918, "height": 1918, "position": [1.2579628420501676, -3.2358436393238783, 0.4349595450458349], "rotation": [[-0.9295300133380685, 0.28208885429838365, -0.23748648926697735], [-0.31854289581710216, -0.2898437034962363, 0.9025082000004432], [0.18575354055356158, 0.9145580931926689, 0.3592758221027482]], "fy": 2667.6946853379477, "fx": 2667.640975310525}, {"id": 89, "img_name": "0090", "width": 1918, "height": 1918, "position": [1.1314574028092061, -3.2925869960667207, 0.14278366184075195], "rotation": [[-0.9404302143228718, 0.27362303355006007, -0.201795558671395], [-0.2936814297453932, -0.3547367119626503, 0.8876446828594363], [0.17129573786682323, 0.8940314875309427, 0.41396312576347916]], "fy": 2667.6946853379477, "fx": 2667.640975310525}, {"id": 90, "img_name": "0091", "width": 1918, "height": 1918, "position": [1.0854523512046337, -3.313181217267718, 0.03590284527866433], "rotation": [[-0.9444864188227171, 0.26866334259658353, -0.18911745822178608], [-0.2838562539815812, -0.3774153162146659, 0.8814665655384367], [0.16544192858819767, 0.8862153730507129, 0.4327254104320699]], "fy": 2667.6946853379477, "fx": 2667.640975310525}, {"id": 91, "img_name": "0092", "width": 1918, "height": 1918, "position": [1.0746497090300622, -3.3104553176284517, 0.15355827389456542], "rotation": [[-0.948013018125242, 0.25602436066303674, -0.18900487880515865], [-0.27493550783089804, -0.35984292599956424, 0.891584844612019], [0.16025537120120378, 0.8971981917921789, 0.4115259659438382]], "fy": 2667.6946853379477, "fx": 2667.640975310525}, {"id": 92, "img_name": "0093", "width": 1918, "height": 1918, "position": [1.0462301333739576, -3.3022512364690444, 0.4736280137121239], "rotation": [[-0.956388571966945, 0.22329185555468295, -0.18831263009679866], [-0.25239423271612, -0.3072165105581892, 0.9175593533565503], [0.14703078148016557, 0.9250723014356208, 0.3501759363718978]], "fy": 2667.6946853379477, "fx": 2667.640975310525}, {"id": 93, "img_name": "0094", "width": 1918, "height": 1918, "position": [1.0040022189766975, -3.2905264543994206, 0.9455643100096771], "rotation": [[-0.9662391371726377, 0.17886146035938966, -0.1854467788719523], [-0.22266884863699368, -0.21760844585268904, 0.9502973998387308], [0.12961679537217344, 0.9595077604124334, 0.2500886724059376]], "fy": 2667.6946853379477, "fx": 2667.640975310525}, {"id": 94, "img_name": "0095", "width": 1918, "height": 1918, "position": [0.9533781000911058, -3.2759559877958804, 1.517921608115673], "rotation": [[-0.9751467816869809, 0.13090111241183605, -0.178755847274619], [-0.19159372224314214, -0.09302916026912658, 0.9770554850859998], [0.11126814352068944, 0.9870210099632958, 0.11579691761223307]], "fy": 2667.6946853379477, "fx": 2667.640975310525}, {"id": 95, "img_name": "0096", "width": 1918, "height": 1918, "position": [0.8967718714450541, -3.2600977417607004, 2.1410408442466076], "rotation": [[-0.9821801332980573, 0.08658450500721653, -0.16680920012776593], [-0.16250330999764184, 0.05464956733730263, 0.9851934322911698], [0.09441853628615553, 0.9947444638109328, -0.03960545067385253]], "fy": 2667.6946853379477, "fx": 2667.640975310525}, {"id": 96, "img_name": "0097", "width": 1918, "height": 1918, "position": [0.8420225215667654, -3.2444693758998193, 2.7634289567345056], "rotation": [[-0.9872184075107708, 0.05063217652024342, -0.15111650661896675], [-0.13794228520273671, 0.20344849642640875, 0.9693196765024842], [0.07982319102205924, 0.9777755836605128, -0.19386378251854916]], "fy": 2667.6946853379477, "fx": 2667.640975310525}, {"id": 97, "img_name": "0098", "width": 1918, "height": 1918, "position": [0.7902335860821221, -3.229761718925471, 3.335761273533237], "rotation": [[-0.9906423695353429, 0.025520385211602447, -0.13407611875368305], [-0.11811756692291786, 0.3318733818262439, 0.9358997269042352], [0.06838081650295148, 0.9429786680375455, -0.32575342754992775]], "fy": 2667.6946853379477, "fx": 2667.640975310525}, {"id": 98, "img_name": "0099", "width": 1918, "height": 1918, "position": [-0.32680964234895643, -3.097433970703351, 0.38644731339016875], "rotation": [[0.3779607500356733, -0.8976715186446674, 0.22656459574842666], [0.3531759264992756, 0.36600969085830487, 0.860989936723529], [-0.8558109816857048, -0.2454032412418075, 0.45537326756647184]], "fy": 2667.6946853379477, "fx": 2667.640975310525}, {"id": 99, "img_name": "0100", "width": 1918, "height": 1918, "position": [-0.5369875138699416, 4.359320465076725, -0.19594835436953573], "rotation": [[0.9818428116273356, -0.05100197134868856, 0.18271149984135096], [0.18357863085934986, 0.49810259281884045, -0.8474625026034809], [-0.04778681353192542, 0.8656168932880737, 0.4984213222834363]], "fy": 2667.6946853379477, "fx": 2667.640975310525}, {"id": 100, "img_name": "0101", "width": 1918, "height": 1918, "position": [-0.5396816910693959, 4.375462741774483, -0.1894671216382419], "rotation": [[0.9820921807712694, -0.046033300563903604, 0.18269067766890973], [0.18110461385424215, 0.497916444959006, -0.8481039633677532], [-0.05192366809690953, 0.866002395538591, 0.49733669039473]], "fy": 2667.6946853379477, "fx": 2667.640975310525}, {"id": 101, "img_name": "0102", "width": 1918, "height": 1918, "position": [-0.5369255500825054, 4.359296457260539, -0.1959314838779316], "rotation": [[0.9819226898050168, -0.04920596541725544, 0.18277473